100
17 37
53 82
56 44
18 26
35 62
98 11
37 36
98 14
92 92
96 47
75 65
75 73
75 74
0 33
21 16
79 31
57 64
99 30
97 60
60 36
19 61
79 49
1 43
83 5
43 20
24 15
41 51
99 68
23 34
41 56
2 53
0 80
82 38
39 86
40 76
78 94
41 65
61 63
41 67
4 36
3 53
84 27
65 20
81 73
65 29
26 26
64 44
80 93
65 38
7 26
23 80
26 41
26 44
3 89
48 18
63 90
69 16
11 2
67 44
90 3
26 73
88 38
30 26
9 44
25 94
45 92
49 47
49 49
88 54
7 85
52 16
10 52
33 12
7 94
34 7
89 62
28 89
32 39
75 1
52 45
53 32
91 52
72 47
88 96
93 33
49 98
69 99
93 44
56 16
94 39
13 70
35 40
12 85
51 95
13 79
92 77
37 26
34 67
58 12
37 29
